Generated by DL_FIELD v4.50
Units kcal/mol
Molecular types 1
mxylene
nummols 840       
atoms 18
CA          12.01150     0.0280  1   0
CT          12.01150     -0.078    1   0
HC           1.00797     0.0220    1   0
HC           1.00797     0.0220  1   0
HC           1.00797     0.0220  1   0
CA          12.01150     -0.030    1   0
HA           1.00797     0.02200  1   0
CA          12.01150     0.0280    1   0
CT          12.01150     -0.0780  1   0
HC           1.00797     0.02200  1   0
HC           1.00797     0.02200  1   0
HC           1.00797     0.02200  1   0
CA          12.01150     -0.0340   1   0
HA           1.00797     0.02500  1   0
CA          12.01150     -0.0310   1   0
HA           1.00797     0.02500  1   0
CA          12.01150     -0.0340   1   0
HA           1.00797     0.02500  1   0
bonds 18
harm     1     2      634.00     1.51000
harm     1     6      938.00     1.40000
harm     1    17      938.00     1.40000
harm     2     3      680.00     1.09000
harm     2     4      680.00     1.09000
harm     2     5      680.00     1.09000
harm     6     8      938.00     1.40000
harm     6     7      734.00     1.08000
harm     8     9      634.00     1.51000
harm     8    13      938.00     1.40000
harm     9    10      680.00     1.09000
harm     9    11      680.00     1.09000
harm     9    12      680.00     1.09000
harm    13    15      938.00     1.40000
harm    13    14      734.00     1.08000
harm    15    17      938.00     1.40000
harm    15    16      734.00     1.08000
harm    17    18      734.00     1.08000
angles 30
harm     2     1     6   140.00000   120.00000
harm     2     1    17   140.00000   120.00000
harm     6     1    17   126.00000   120.00000
harm     1     2     3    70.00000   109.50000
harm     1     2     4    70.00000   109.50000
harm     1     2     5    70.00000   109.50000
harm     3     2     4    66.00000   107.80000
harm     3     2     5    66.00000   107.80000
harm     4     2     5    66.00000   107.80000
harm     1     6     8   126.00000   120.00000
harm     1     6     7    70.00000   120.00000
harm     8     6     7    70.00000   120.00000
harm     6     8     9   140.00000   120.00000
harm     6     8    13   126.00000   120.00000
harm     9     8    13   140.00000   120.00000
harm     8     9    10    70.00000   109.50000
harm     8     9    11    70.00000   109.50000
harm     8     9    12    70.00000   109.50000
harm    10     9    11    66.00000   107.80000
harm    10     9    12    66.00000   107.80000
harm    11     9    12    66.00000   107.80000
harm     8    13    15   126.00000   120.00000
harm     8    13    14    70.00000   120.00000
harm    15    13    14    70.00000   120.00000
harm    13    15    17   126.00000   120.00000
harm    13    15    16    70.00000   120.00000
harm    17    15    16    70.00000   120.00000
harm    15    17     1   126.00000   120.00000
harm    15    17    18    70.00000   120.00000
harm     1    17    18    70.00000   120.00000
dihedral 36
cos3      6     1     2     3     0.00000     0.00000     0.00000     0.50000     0.50000
cos3      6     1     2     4     0.00000     0.00000     0.00000     0.50000     0.50000
cos3      6     1     2     5     0.00000     0.00000     0.00000     0.50000     0.50000
cos3     17     1     2     3     0.00000     0.00000     0.00000     0.50000     0.50000
cos3     17     1     2     4     0.00000     0.00000     0.00000     0.50000     0.50000
cos3     17     1     2     5     0.00000     0.00000     0.00000     0.50000     0.50000
cos3      2     1     6     8     0.00000     7.25000     0.00000     0.50000     0.50000
cos3      2     1     6     7     0.00000     7.25000     0.00000     0.50000     0.50000
cos3     17     1     6     8     0.00000     7.25000     0.00000     0.50000     0.50000
cos3     17     1     6     7     0.00000     7.25000     0.00000     0.50000     0.50000
cos3      2     1    17    15     0.00000     7.25000     0.00000     0.50000     0.50000
cos3      2     1    17    18     0.00000     7.25000     0.00000     0.50000     0.50000
cos3      6     1    17    15     0.00000     7.25000     0.00000     0.50000     0.50000
cos3      6     1    17    18     0.00000     7.25000     0.00000     0.50000     0.50000
cos3      1     6     8     9     0.00000     7.25000     0.00000     0.50000     0.50000
cos3      1     6     8    13     0.00000     7.25000     0.00000     0.50000     0.50000
cos3      7     6     8     9     0.00000     7.25000     0.00000     0.50000     0.50000
cos3      7     6     8    13     0.00000     7.25000     0.00000     0.50000     0.50000
cos3      6     8     9    10     0.00000     0.00000     0.00000     0.50000     0.50000
cos3      6     8     9    11     0.00000     0.00000     0.00000     0.50000     0.50000
cos3      6     8     9    12     0.00000     0.00000     0.00000     0.50000     0.50000
cos3     13     8     9    10     0.00000     0.00000     0.00000     0.50000     0.50000
cos3     13     8     9    11     0.00000     0.00000     0.00000     0.50000     0.50000
cos3     13     8     9    12     0.00000     0.00000     0.00000     0.50000     0.50000
cos3      6     8    13    15     0.00000     7.25000     0.00000     0.00000     0.00000
cos3      6     8    13    14     0.00000     7.25000     0.00000     0.50000     0.50000
cos3      9     8    13    15     0.00000     7.25000     0.00000     0.50000     0.50000
cos3      9     8    13    14     0.00000     7.25000     0.00000     0.50000     0.50000
cos3      8    13    15    17     0.00000     7.25000     0.00000     0.00000     0.00000
cos3      8    13    15    16     0.00000     7.25000     0.00000     0.50000     0.50000
cos3     14    13    15    17     0.00000     7.25000     0.00000     0.50000     0.50000
cos3     14    13    15    16     0.00000     7.25000     0.00000     0.50000     0.50000
cos3     13    15    17     1     0.00000     7.25000     0.00000     0.00000     0.00000
cos3     13    15    17    18     0.00000     7.25000     0.00000     0.50000     0.50000
cos3     16    15    17     1     0.00000     7.25000     0.00000     0.50000     0.50000
cos3     16    15    17    18     0.00000     7.25000     0.00000     0.50000     0.50000
finish
vdw 10
CA      CA      lj    7.000000e-02    3.550000
CT      CA      lj    6.797058e-02    3.524911
HC      CA      lj    4.582576e-02    2.979094
HA      CA      lj    4.582576e-02    2.931041
CT      CT      lj    6.600000e-02    3.500000
HC      CT      lj    4.449719e-02    2.958040
HA      CT      lj    4.449719e-02    2.910326
HC      HC      lj    3.000000e-02    2.500000
HA      HC      lj    3.000000e-02    2.459675
HA      HA      lj    3.000000e-02    2.420000
close
