Generated by DL_FIELD v4.50
Units kcal/mol
Molecular types 1
benzene
nummols 720       
atoms 12
CA          12.01150    -0.1670   1   0
HA           1.00797     0.1670   1   0
CA          12.01150    -0.1670   1   0
HA           1.00797     0.1670   1   0
CA          12.01150    -0.1670    1   0
HA           1.00797     0.1670    1   0
CA          12.01150    -0.1670   1   0
HA           1.00797     0.1670   1   0
CA          12.01150    -0.1670    1   0
HA           1.00797     0.1670    1   0
CA          12.01150    -0.1670   1   0
HA           1.00797     0.1670   1   0
bonds 12
harm     1     3      938.00     1.40000
harm     1    11      938.00     1.40000
harm     1     2      734.00     1.08000
harm     3     5      938.00     1.40000
harm     3     4      734.00     1.08000
harm     5     7      938.00     1.40000
harm     5     6      734.00     1.08000
harm     7     9      938.00     1.40000
harm     7     8      734.00     1.08000
harm     9    11      938.00     1.40000
harm     9    10      734.00     1.08000
harm    11    12      734.00     1.08000
angles 18
harm     3     1    11   126.00000   120.00000
harm     3     1     2    70.00000   120.00000
harm    11     1     2    70.00000   120.00000
harm     1     3     5   126.00000   120.00000
harm     1     3     4    70.00000   120.00000
harm     5     3     4    70.00000   120.00000
harm     3     5     7   126.00000   120.00000
harm     3     5     6    70.00000   120.00000
harm     7     5     6    70.00000   120.00000
harm     5     7     9   126.00000   120.00000
harm     5     7     8    70.00000   120.00000
harm     9     7     8    70.00000   120.00000
harm     7     9    11   126.00000   120.00000
harm     7     9    10    70.00000   120.00000
harm    11     9    10    70.00000   120.00000
harm     1    11     9   126.00000   120.00000
harm     1    11    12    70.00000   120.00000
harm     9    11    12    70.00000   120.00000
dihedral 30
cos3     11     1     3     5     0.00000     7.25000     0.00000     0.50000     0.50000
cos3     11     1     3     4     0.00000     7.25000     0.00000     0.50000     0.50000
cos3      2     1     3     5     0.00000     7.25000     0.00000     0.50000     0.50000
cos3      2     1     3     4     0.00000     7.25000     0.00000     0.50000     0.50000
cos3      3     1    11     9     0.00000     7.25000     0.00000     0.50000     0.50000
cos3      3     1    11    12     0.00000     7.25000     0.00000     0.50000     0.50000
cos3      2     1    11     9     0.00000     7.25000     0.00000     0.50000     0.50000
cos3      2     1    11    12     0.00000     7.25000     0.00000     0.50000     0.50000
cos3      1     3     5     7     0.00000     7.25000     0.00000     0.50000     0.50000
cos3      1     3     5     6     0.00000     7.25000     0.00000     0.50000     0.50000
cos3      4     3     5     7     0.00000     7.25000     0.00000     0.50000     0.50000
cos3      4     3     5     6     0.00000     7.25000     0.00000     0.50000     0.50000
cos3      3     5     7     9     0.00000     7.25000     0.00000     0.00000     0.00000
cos3      3     5     7     8     0.00000     7.25000     0.00000     0.50000     0.50000
cos3      6     5     7     9     0.00000     7.25000     0.00000     0.50000     0.50000
cos3      6     5     7     8     0.00000     7.25000     0.00000     0.50000     0.50000
cos3      5     7     9    11     0.00000     7.25000     0.00000     0.00000     0.00000
cos3      5     7     9    10     0.00000     7.25000     0.00000     0.50000     0.50000
cos3      8     7     9    11     0.00000     7.25000     0.00000     0.50000     0.50000
cos3      8     7     9    10     0.00000     7.25000     0.00000     0.50000     0.50000
cos3      7     9    11     1     0.00000     7.25000     0.00000     0.00000     0.00000
cos3      7     9    11    12     0.00000     7.25000     0.00000     0.50000     0.50000
cos3     10     9    11     1     0.00000     7.25000     0.00000     0.50000     0.50000
cos3     10     9    11    12     0.00000     7.25000     0.00000     0.50000     0.50000
cos3      2     3     1    11     0.00000     2.20000     0.00000     0.00000     0.00000
cos3      4     5     3     1     0.00000     2.20000     0.00000     0.00000     0.00000
cos3      6     7     5     3     0.00000     2.20000     0.00000     0.00000     0.00000
cos3      8     9     7     5     0.00000     2.20000     0.00000     0.00000     0.00000
cos3     10    11     9     7     0.00000     2.20000     0.00000     0.00000     0.00000
cos3     12     1    11     9     0.00000     2.20000     0.00000     0.00000     0.00000
finish
vdw 3
CA      CA      lj    7.000000e-02    3.550000
HA      CA      lj    4.582576e-02    2.931041
HA      HA      lj    3.000000e-02    2.420000
close
